image: map0.pgm
resolution: 0.062500
origin: [-53.81298101963038,-48.46701360843608, 0.000000]
negate: 0
occupied_thresh: 0.45
free_thresh: 0.196